Previous
Laoli: 3525.5946
kl:317.24
junyi:286.37
lihaoyang:102.117

New paid total
Laoli: 4190.21959056742
kl:981.8659511648751
junyi:950.9952844982083
lihaoyang:766.7422499999993

paid

12/19/2024
Kl:1649
Junyi: 1618
Lihaoyang:1433

sept 29, 2025 @ 11:25:35.285
junyi: 2370
kl: 2400
haoyang: 2185
feixiang: 682.86